timestamp, DHT11_temp, DHT11_umidade, NTC_temp
1572039346,27,52,24.60
1572039347,27,52,24.60
1572039348,27,52,24.60
1572039349,27,52,24.60
1572039350,27,52,24.60
1572039351,27,52,24.60
1572039352,27,52,24.60
1572039353,27,52,24.60
1572039354,27,52,24.60
1572039355,27,51,24.60
1572039356,27,51,24.60
1572039357,27,51,24.60
1572039358,27,51,24.60
1572039359,27,51,24.60
1572039360,27,51,24.60
1572039361,27,51,24.60
1572039362,27,51,24.60
1572039363,27,51,24.51
1572039364,27,51,24.51
1572039365,27,51,24.60
1572039366,27,51,24.60
1572039367,27,51,24.60
1572039369,27,51,24.60
1572039370,27,51,24.60
1572039371,27,51,24.60
1572039372,27,51,24.60
1572039373,27,51,24.60
1572039374,27,51,24.60
1572039375,27,51,24.60
1572039376,27,51,24.60
1572039377,27,51,24.60
1572039378,27,51,24.60
1572039379,27,51,24.60
1572039380,27,51,24.51
1572039381,27,51,24.60
1572039382,27,51,24.60
1572039383,27,51,24.60
1572039384,27,51,24.60
1572039385,27,51,24.60
1572039386,27,51,24.60
1572039387,27,51,24.60
1572039388,27,51,24.60
1572039389,27,51,24.60
1572039390,27,51,24.60
1572039391,27,51,24.60
1572039392,27,51,24.60
1572039393,27,51,24.60
1572039394,27,51,24.60
1572039395,27,51,24.60
1572039396,27,51,24.60
1572039397,27,51,24.60
1572039398,27,51,24.60
1572039399,27,51,24.60
1572039400,27,51,24.60
1572039401,27,51,24.60
1572039402,27,51,24.60
1572039403,27,51,24.60
1572039404,27,51,24.60
1572039405,27,51,24.60
1572039406,27,51,24.69
1572039407,27,51,24.60
1572039408,27,51,24.60
1572039409,27,51,24.60
1572039411,27,51,24.60
1572039412,27,51,24.60
1572039413,27,51,24.60
1572039414,27,51,24.60
1572039415,27,51,24.60
1572039416,27,51,24.60
1572039417,27,51,24.60
1572039418,27,51,24.60
1572039419,27,51,24.60
1572039420,27,51,24.60
1572039421,27,51,24.60
1572039422,27,51,24.60
1572039423,27,51,24.60
1572039424,27,51,24.60
1572039425,27,51,24.60
1572039426,27,51,24.60
1572039427,27,51,24.60
1572039428,27,51,24.69
1572039429,27,51,24.60
1572039430,27,51,24.60
1572039431,27,51,24.60
1572039432,27,51,24.60
1572039433,27,51,24.60
1572039434,27,51,24.60
1572039435,27,51,24.60
1572039436,27,51,24.60
1572039437,27,51,24.60
1572039438,27,51,24.60
1572039439,27,51,24.60
1572039440,27,51,24.60
1572039441,27,51,24.60
1572039442,27,51,24.60
1572039443,27,51,24.60
1572039444,27,51,24.60
1572039445,27,51,24.60
1572039446,27,51,24.60
1572039447,27,51,24.60
1572039448,27,51,24.60
1572039449,27,51,24.51
1572039450,27,51,24.60
1572039452,27,51,24.60
1572039453,27,51,24.60
1572039454,27,51,24.60
1572039455,27,51,24.60
1572039456,27,51,24.60
1572039457,27,51,24.60
1572039458,27,51,24.60
1572039459,27,51,24.60
1572039460,27,51,24.60
1572039461,27,51,24.60
1572039462,27,51,24.60
1572039463,27,51,24.60
1572039464,27,51,24.60
1572039465,27,51,24.60
1572039466,27,51,24.60
1572039467,27,51,24.60
1572039468,27,51,24.60
1572039469,27,51,24.51
1572039470,27,51,24.60
1572039471,27,51,24.60
1572039472,27,51,24.60
1572039473,27,51,24.60
1572039474,27,51,24.60
1572039475,27,51,24.60
1572039476,27,51,24.60
1572039477,27,51,24.60
1572039478,27,51,24.60
1572039479,27,51,24.60
1572039480,27,51,24.60
1572039481,27,51,24.60
1572039482,27,51,24.60
1572039483,27,51,24.60
1572039484,27,51,24.60
1572039485,27,51,24.51
1572039486,27,51,24.60
1572039487,27,51,24.60
1572039488,27,51,24.60
1572039489,27,51,24.51
1572039490,27,51,24.60
1572039492,27,51,24.60
1572039493,27,51,24.60
1572039494,27,51,24.60
1572039495,27,51,24.60
1572039496,27,51,24.60
1572039497,27,51,24.51
1572039498,27,51,24.51
1572039499,27,51,24.51
1572039500,27,51,24.51
1572039501,27,51,24.51
1572039502,27,51,24.51
1572039503,27,51,24.51
1572039504,27,51,24.51
1572039505,27,51,24.51
1572039506,27,51,24.51
1572039507,27,51,24.60
1572039508,27,51,24.60
1572039509,27,51,24.51
1572039510,27,51,24.51
1572039511,27,51,24.51
1572039512,27,51,24.51
1572039513,27,51,24.51
1572039514,27,51,24.51
1572039515,27,51,24.51
1572039516,27,51,24.51
1572039517,27,51,24.51
1572039518,27,51,24.51
1572039519,27,51,24.42
1572039520,27,51,24.51
1572039521,27,51,24.51
1572039522,27,51,24.51
1572039523,27,51,24.51
1572039524,27,51,24.51
1572039525,27,51,24.51
1572039526,27,51,24.51
1572039527,27,51,24.51
1572039528,27,51,24.51
1572039529,27,51,24.51
1572039530,27,51,24.51
1572039531,27,51,24.51
1572039532,27,51,24.51
1572039534,27,51,24.51
1572039535,27,51,24.51
1572039536,27,51,24.42
1572039537,27,51,24.51
1572039538,27,51,24.51
1572039539,27,51,24.51
1572039540,27,51,24.42
1572039541,27,51,24.51
1572039542,27,51,24.51
1572039543,27,51,24.51
1572039544,27,51,24.51
1572039545,27,51,24.51
1572039546,27,51,24.51
1572039547,27,51,24.51
1572039548,27,51,24.51
1572039549,27,51,24.51
1572039550,27,51,24.51
1572039551,27,51,24.51
1572039552,27,51,24.51
1572039553,27,51,24.51
1572039554,27,51,24.51
1572039555,27,51,24.51
1572039556,27,51,24.51
1572039557,27,51,24.51
1572039558,27,51,24.51
1572039559,27,51,24.51
1572039560,27,51,24.51
1572039561,27,51,24.51
1572039562,27,51,24.51
1572039563,27,51,24.51
1572039564,27,51,24.51
1572039565,27,50,24.51
1572039566,27,50,24.51
1572039567,27,50,24.51
1572039568,27,50,24.51
1572039569,27,50,24.51
1572039570,27,50,24.60
1572039571,27,50,24.51
1572039573,27,50,24.51
1572039574,27,50,24.51
1572039575,27,50,24.51
1572039576,27,50,24.51
1572039577,27,50,24.51
1572039578,27,50,24.51
1572039579,27,50,24.51
1572039580,27,50,24.51
1572039581,27,50,24.51
1572039582,27,50,24.51
1572039583,27,50,24.51
1572039584,27,50,24.51
1572039585,27,50,24.51
1572039586,27,50,24.51
1572039587,27,50,24.51
1572039588,27,50,24.51
1572039589,27,50,24.51
1572039590,27,50,24.51
1572039591,27,50,24.51
1572039592,27,50,24.51
1572039593,27,50,24.51
1572039594,27,50,24.51
1572039595,27,50,24.51
1572039596,27,50,24.51
1572039597,27,50,24.51
1572039598,27,50,24.51
1572039599,27,50,24.51
1572039600,27,50,24.51
1572039601,27,50,24.51
1572039602,27,50,24.51
1572039603,27,50,24.51
1572039604,27,50,24.51
1572039605,27,50,24.51
1572039606,27,50,24.51
1572039607,27,50,24.51
1572039608,27,50,24.51
1572039609,27,50,24.51
1572039610,27,50,24.51
1572039611,27,50,24.51
1572039612,27,50,24.51
1572039613,27,50,24.51
1572039615,27,50,24.51
1572039616,27,50,24.51
1572039617,27,50,24.51
1572039618,27,50,24.51
1572039619,27,50,24.51
1572039620,27,50,24.51
1572039621,27,50,24.51
1572039622,27,50,24.51
1572039623,27,50,24.51
1572039624,27,50,24.51
1572039625,27,50,24.51
1572039626,27,50,24.51
1572039627,27,50,24.51
1572039628,27,50,24.51
1572039629,27,50,24.51
1572039630,27,50,24.51
1572039631,27,50,24.51
1572039632,27,50,24.51
1572039633,27,50,24.51
1572039634,27,50,24.51
1572039635,27,50,24.51
1572039636,27,50,24.51
1572039637,27,50,24.51
1572039638,27,50,24.51
1572039639,27,50,24.42
1572039640,27,50,24.51
1572039641,27,50,24.42
1572039642,27,50,24.51
1572039643,27,50,24.42
1572039644,27,50,24.51
1572039645,27,50,24.42
1572039646,27,50,24.51
1572039647,27,50,24.51
1572039648,27,50,24.51
1572039649,27,50,24.51
1572039650,27,50,24.51
1572039651,27,50,24.51
1572039652,27,50,24.51
1572039653,27,50,24.51
1572039655,27,50,24.51
1572039656,27,50,24.51
1572039657,27,50,24.51
1572039658,27,50,24.51
1572039659,27,50,24.42
1572039660,27,50,24.51
1572039661,27,50,24.51
1572039662,27,50,24.51
1572039663,27,50,24.51
1572039664,27,50,24.51
1572039665,27,50,24.51
1572039666,27,50,24.51
1572039667,27,50,24.51
1572039668,27,50,24.51
1572039669,27,50,24.51
1572039670,27,50,24.51
1572039671,27,50,24.51
1572039672,27,50,24.51
1572039673,27,50,24.51
1572039674,27,50,24.51
1572039675,27,50,24.51
1572039676,27,50,24.51
1572039677,27,50,24.51
1572039678,27,50,24.51
1572039679,27,50,24.51
1572039680,27,50,24.51
1572039681,27,50,24.51
1572039682,27,50,24.51
1572039683,27,50,24.51
1572039684,27,50,24.51
1572039685,27,50,24.51
1572039686,27,50,24.51
1572039687,27,50,24.51
1572039688,27,50,24.51
1572039689,27,50,24.42
1572039690,27,50,24.51
1572039691,27,50,24.51
1572039692,27,50,24.51
1572039693,27,50,24.51
1572039694,27,50,24.51
1572039696,27,50,24.51
1572039697,27,50,24.51
1572039698,27,50,24.51
1572039699,27,50,24.42
1572039700,27,50,24.51
1572039701,27,50,24.51
1572039702,27,50,24.42
1572039703,27,50,24.51
1572039704,27,50,24.42
1572039705,27,50,24.51
1572039706,27,50,24.51
1572039707,27,50,24.42
1572039708,27,50,24.42
1572039709,27,50,24.51
1572039710,27,50,24.51
1572039711,27,50,24.51
1572039712,27,50,24.42
1572039713,27,50,24.42
1572039714,27,50,24.51
1572039715,27,50,24.51
1572039716,27,50,24.42
1572039717,27,50,24.51
1572039718,27,50,24.42
1572039719,27,50,24.42
1572039720,27,50,24.51
1572039721,27,50,24.42
1572039722,27,50,24.42
1572039723,27,50,24.42
1572039724,27,50,24.42
1572039725,27,50,24.42
1572039726,27,50,24.51
1572039727,27,50,24.42
1572039728,27,50,24.42
1572039729,27,50,24.42
1572039730,27,50,24.51
1572039731,27,50,24.42
1572039732,27,50,24.42
1572039733,27,50,24.51
1572039734,27,50,24.51
1572039735,27,50,24.51
1572039737,27,50,24.42
1572039738,27,50,24.42
1572039739,27,50,24.42
1572039740,27,50,24.42
